Commodity
Units
Values
Average
Central
Eastern
Northern
Western
Agwedde Beans
kg
RP
2,100
2,500
2,000
1,850



WP
1,750
2,000
1,650
1,700

Apple Bananas
kg
RP
2,550
2,450
2,350
2,800
3,000


WP
2,050
2,000
1,800
2,300
2,500
Beef
kg
RP
10,300
10,700
10,150
10,000
10,000


WP
9,350
9,300
9,250
9,500
9,600
Cassava Flour
kg
RP
1,500
1,550
1,250
2,000
1,500


WP
1,200
1,100
1,050
1,700
1,400
Cassava Fresh
kg
RP
1,450
1,200
1,750
450
2,450


WP
1,100
850
1,250
400
2,350
Cavendish (Bogoya)
kg
RP
3,950
4,600
3,300
4,000
3,600


WP
3,300
3,950
2,600
3,500
2,950
Coffee (Arabica)
kg
RP
3,550

4,350

2,000


WP
3,500
3,800
4,150

2,000
Coffee (Robusta)
kg
RP
3,200

3,200




WP
2,900
2,800
3,000


Cow Peas
kg
RP
3,800
4,600
3,000
3,800
3,750


WP
3,400
3,950
2,700
3,500
3,400
Dry Fermented Cassava
kg
RP
800
1,200
650




WP
700
1,000
550


Exotic Chicken
bird
RP
13,200
13,300
13,400
11,000
13,650


WP
11,250
10,200
12,150
10,000
12,250
Exotic Eggs
tray
RP
11,300
10,900
12,200
12,000
10,150


WP
10,000
9,550
10,700
10,000
9,450
Goat Meat
kg
RP
12,100
12,550
12,150
12,000
11,000


WP
10,300
10,050
10,650
11,000
9,850
Groundnuts
kg
RP
4,050
4,800
3,350
3,500
4,000


WP
3,550
4,050
3,050
3,100
3,550
Irish Potatoes
kg
RP
1,700
1,500
1,700
2,000
2,000


WP
1,350
1,050
1,400
1,800
1,800
Kayiso Rice
kg
RP
2,950
3,250
2,550
2,600
4,000


WP
2,650
2,800
2,300
2,300
3,700
Local Chicken
bird
RP
21,350
25,000
17,100
25,000
19,500


WP
17,750
19,700
14,600
22,000
17,500
Local Eggs
tray
RP
19,000
24,250
15,650
15,000
15,400


WP
15,450
18,000
13,150
13,500
14,650
Maize Flour
kg
RP
1,450
1,600
1,150
1,300
1,750


WP
1,250
1,300
1,000
1,200
1,500
Maize Grain
kg
RP
650
750
500
600
950


WP
550
550
450
400
850
Matooke
bunch
RP
24,400
26,100
28,500
20,000
14,850


WP
20,700
21,300
24,000
19,000
13,600
Matooke (kg)
kg
RP
1,500
1,250
1,750
1,000
2,000


WP
1,150
900
1,300
950
1,600
Milk
litre
RP
1,650
1,700
1,750
1,500
1,450


WP
1,400
1,500
1,400
1,300
1,250
Millet Flour
kg
RP
2,850
3,050
2,650
2,800
3,000


WP
2,450
2,550
2,250
2,600
2,600
Millet Grain
kg
RP
1,900
1,850
1,900
1,200
2,250


WP
1,550
1,500
1,550
1,050
1,900
Mushrooms
kg
RP







WP





Nambale Beans
kg
RP
2,500
2,900
2,100
2,050
2,300


WP
2,100
2,350
1,800
1,900
2,100
Nile Perch
kg
RP
13,650
15,000
12,650
12,000
13,000


WP
10,750
10,450
10,850
10,000
12,500
Pineapples
whole
RP
2,700
2,900
2,850
2,500
2,050


WP
2,150
2,300
2,250
2,000
1,700
Pork
kg
RP
12,100
13,750
10,350

11,650


WP
9,600
9,550
9,500

9,950
Processed Honey
kg
RP
17,800
20,000
14,650

25,000


WP
15,600
18,000
13,350

20,000
Red Irish Potatoes
kg
RP
1,650
1,500
1,850
1,650



WP
1,300
1,000
1,550
1,450

Simsim
kg
RP
4,850
4,800
4,650
5,000
6,000


WP
4,300
4,100
4,100
4,800
5,500
Sorghum Flour
kg
RP
1,950
2,300
1,700

2,000


WP
1,650
1,950
1,350

1,800
Sorghum Grain
kg
RP
1,150
1,550
950
600
1,250


WP
950
1,250
750
450
1,100
Soya Beans
kg
RP
2,400
2,750
1,950
2,000
2,850


WP
2,000
2,200
1,650
1,750
2,450
Sun Dried Cassava
kg
RP
950
1,250
800
800



WP
750
950
650
550

Sunflower
kg
RP
1,250
1,300
1,600
850



WP
1,100
1,100
1,500
700

Super Rice
kg
RP
3,750
4,000
3,700
3,500
3,500


WP
3,350
3,450
3,400
2,800
3,100
Tilapia
whole
RP
13,400
13,450
13,150
20,000
7,500


WP
11,000
10,150
11,050
19,000
7,000
Tobacco
kg
RP
10,000
10,000





WP
9,000
9,000



Turkey
bird
RP
71,150
80,000
63,200




WP
58,200
61,650
55,100


Unprocessed Cotton
kg
RP
1,300

1,300




WP
1,000

1,000


Unprocessed Honey
kg
RP
9,500

9,000

10,000


WP
8,750

8,000

9,500
Unprocessed Tea
kg
RP
2,500
2,500
2,550




WP
1,850
1,800
1,850


Unprocessed Vanilla
kg
RP
3,500
3,500
3,450




WP
2,900
2,800
3,000


Upland Rice
kg
RP
3,000
3,250
2,600
2,600
3,000


WP
2,600
2,850
2,300
2,200
2,700
White Fleshed Sweet Potatoes
kg
RP
1,150
1,000
1,500
400



WP
850
750
1,100
350

Yellow Beans
kg
RP
2,700
3,050
2,400
2,150
2,750


WP
2,300
2,550
2,100
1,950
2,400
